% Intrinsic and Extrinsic Camera Parameters
%
% This script file can be directly excecuted under Matlab to recover the camera intrinsic and extrinsic parameters.
% IMPORTANT: This file contains neither the structure of the calibration objects nor the image coordinates of the calibration points.
%            All those complementary variables are saved in the complete matlab data file Calib_Results.mat.
% For more information regarding the calibration model visit http://www.vision.caltech.edu/bouguetj/calib_doc/


%-- Focal length:
fc = [ 1313.622411825969000 ; 1309.083359954238600 ];

%-- Principal point:
cc = [ 356.333283950041050 ; 273.837641051653410 ];

%-- Skew coefficient:
alpha_c = 0.000000000000000;

%-- Distortion coefficients:
kc = [ -0.209847158105354 ; -2.760876576222405 ; 0.000662776937202 ; -0.001847666694928 ; 0.000000000000000 ];

%-- Focal length uncertainty:
fc_error = [ 11.860866092056634 ; 11.957257457833069 ];

%-- Principal point uncertainty:
cc_error = [ 20.141572860189864 ; 22.637261558542793 ];

%-- Skew coefficient uncertainty:
alpha_c_error = 0.000000000000000;

%-- Distortion coefficients uncertainty:
kc_error = [ 0.091842244848839 ; 1.670408813317087 ; 0.002872398681202 ; 0.002810421726683 ; 0.000000000000000 ];

%-- Image size:
nx = 640;
ny = 480;


%-- Various other variables (may be ignored if you do not use the Matlab Calibration Toolbox):
%-- Those variables are used to control which intrinsic parameters should be optimized

n_ima = 24;						% Number of calibration images
est_fc = [ 1 ; 1 ];					% Estimation indicator of the two focal variables
est_aspect_ratio = 1;				% Estimation indicator of the aspect ratio fc(2)/fc(1)
center_optim = 1;					% Estimation indicator of the principal point
est_alpha = 0;						% Estimation indicator of the skew coefficient
est_dist = [ 1 ; 1 ; 1 ; 1 ; 0 ];	% Estimation indicator of the distortion coefficients


%-- Extrinsic parameters:
%-- The rotation (omc_kk) and the translation (Tc_kk) vectors for every calibration image and their uncertainties

%-- Image #1:
omc_1 = [ -1.566066e+00 ; -1.683587e+00 ; 8.778196e-01 ];
Tc_1  = [ -7.071269e+01 ; -1.369347e+02 ; 9.161730e+02 ];
omc_error_1 = [ 1.485445e-02 ; 1.181907e-02 ; 2.111175e-02 ];
Tc_error_1  = [ 1.408742e+01 ; 1.585342e+01 ; 7.770169e+00 ];

%-- Image #2:
omc_2 = [ -1.730237e+00 ; -1.834637e+00 ; 6.912886e-01 ];
Tc_2  = [ -7.345642e+01 ; -1.366265e+02 ; 9.069239e+02 ];
omc_error_2 = [ 1.441738e-02 ; 1.072835e-02 ; 2.322553e-02 ];
Tc_error_2  = [ 1.394112e+01 ; 1.569097e+01 ; 7.787523e+00 ];

%-- Image #3:
omc_3 = [ -1.908555e+00 ; -1.996485e+00 ; 4.552020e-01 ];
Tc_3  = [ -7.698852e+01 ; -1.358626e+02 ; 8.887517e+02 ];
omc_error_3 = [ 1.429801e-02 ; 1.078121e-02 ; 2.613590e-02 ];
Tc_error_3  = [ 1.365922e+01 ; 1.537592e+01 ; 7.740687e+00 ];

%-- Image #4:
omc_4 = [ -2.079137e+00 ; -2.165104e+00 ; 1.804222e-01 ];
Tc_4  = [ -7.231213e+01 ; -1.353476e+02 ; 8.771864e+02 ];
omc_error_4 = [ 1.725028e-02 ; 1.568688e-02 ; 3.433289e-02 ];
Tc_error_4  = [ 1.347714e+01 ; 1.517478e+01 ; 7.782602e+00 ];

%-- Image #5:
omc_5 = [ 2.023824e+00 ; 2.118952e+00 ; 3.480011e-01 ];
Tc_5  = [ -5.599328e+01 ; -1.342936e+02 ; 8.578628e+02 ];
omc_error_5 = [ 1.478818e-02 ; 1.350134e-02 ; 3.138444e-02 ];
Tc_error_5  = [ 1.320759e+01 ; 1.483725e+01 ; 8.296233e+00 ];

%-- Image #6:
omc_6 = [ 1.820236e+00 ; 1.906675e+00 ; 6.696137e-01 ];
Tc_6  = [ -3.964871e+01 ; -1.323692e+02 ; 8.276708e+02 ];
omc_error_6 = [ 1.405695e-02 ; 1.141820e-02 ; 2.509550e-02 ];
Tc_error_6  = [ 1.274163e+01 ; 1.430794e+01 ; 7.991289e+00 ];

%-- Image #7:
omc_7 = [ 1.657787e+00 ; 1.733238e+00 ; 8.745855e-01 ];
Tc_7  = [ -2.614920e+01 ; -1.307933e+02 ; 8.098937e+02 ];
omc_error_7 = [ 1.446251e-02 ; 1.209908e-02 ; 2.237789e-02 ];
Tc_error_7  = [ 1.247000e+01 ; 1.399952e+01 ; 7.872393e+00 ];

%-- Image #8:
omc_8 = [ 1.562819e+00 ; 1.632384e+00 ; 9.727093e-01 ];
Tc_8  = [ -1.740797e+01 ; -1.300512e+02 ; 8.018242e+02 ];
omc_error_8 = [ 1.472574e-02 ; 1.276309e-02 ; 2.097908e-02 ];
Tc_error_8  = [ 1.234772e+01 ; 1.385982e+01 ; 7.819207e+00 ];

%-- Image #9:
omc_9 = [ 1.525647e+00 ; 2.191682e+00 ; 1.484629e+00 ];
Tc_9  = [ 5.839299e+01 ; -7.574890e+01 ; 7.791843e+02 ];
omc_error_9 = [ 1.686479e-02 ; 1.327008e-02 ; 2.511603e-02 ];
Tc_error_9  = [ 1.196771e+01 ; 1.351770e+01 ; 7.552444e+00 ];

%-- Image #10:
omc_10 = [ -1.654993e+00 ; -2.209876e+00 ; -1.370082e+00 ];
Tc_10  = [ -4.710232e+00 ; -7.315039e+01 ; 7.374936e+02 ];
omc_error_10 = [ 8.544205e-03 ; 1.911089e-02 ; 2.540875e-02 ];
Tc_error_10  = [ 1.131816e+01 ; 1.277640e+01 ; 7.203746e+00 ];

%-- Image #11:
omc_11 = [ -1.662950e+00 ; -2.106587e+00 ; -1.202207e+00 ];
Tc_11  = [ -2.230740e+01 ; -6.789279e+01 ; 7.321438e+02 ];
omc_error_11 = [ 9.385807e-03 ; 1.775240e-02 ; 2.451880e-02 ];
Tc_error_11  = [ 1.123161e+01 ; 1.268560e+01 ; 7.196503e+00 ];

%-- Image #12:
omc_12 = [ -1.742090e+00 ; -1.911561e+00 ; -8.530092e-01 ];
Tc_12  = [ -7.646197e+01 ; -7.015721e+01 ; 7.323082e+02 ];
omc_error_12 = [ 1.124578e-02 ; 1.521122e-02 ; 2.320463e-02 ];
Tc_error_12  = [ 1.123269e+01 ; 1.271465e+01 ; 7.267279e+00 ];

%-- Image #13:
omc_13 = [ -1.734178e+00 ; -1.710657e+00 ; -5.561697e-01 ];
Tc_13  = [ -1.249555e+02 ; -6.830121e+01 ; 7.419133e+02 ];
omc_error_13 = [ 1.306061e-02 ; 1.318189e-02 ; 2.159235e-02 ];
Tc_error_13  = [ 1.137828e+01 ; 1.292008e+01 ; 7.326140e+00 ];

%-- Image #14:
omc_14 = [ -1.725140e+00 ; -1.648605e+00 ; -4.669239e-01 ];
Tc_14  = [ -1.151586e+02 ; -6.791239e+01 ; 7.523588e+02 ];
omc_error_14 = [ 1.319801e-02 ; 1.281298e-02 ; 2.125658e-02 ];
Tc_error_14  = [ 1.153416e+01 ; 1.307435e+01 ; 7.295731e+00 ];

%-- Image #15:
omc_15 = [ -1.695447e+00 ; -1.474179e+00 ; -2.546637e-01 ];
Tc_15  = [ -1.397967e+02 ; -6.664792e+01 ; 7.755713e+02 ];
omc_error_15 = [ 1.429833e-02 ; 1.193411e-02 ; 1.985866e-02 ];
Tc_error_15  = [ 1.188438e+01 ; 1.349527e+01 ; 7.350682e+00 ];

%-- Image #16:
omc_16 = [ -1.658183e+00 ; -1.306534e+00 ; -9.754259e-02 ];
Tc_16  = [ -1.507089e+02 ; -6.220854e+01 ; 7.943270e+02 ];
omc_error_16 = [ 1.505164e-02 ; 1.171351e-02 ; 1.849898e-02 ];
Tc_error_16  = [ 1.216741e+01 ; 1.382764e+01 ; 7.346832e+00 ];

%-- Image #17:
omc_17 = [ -1.639142e+00 ; -1.208915e+00 ; 2.546014e-02 ];
Tc_17  = [ -1.555930e+02 ; -6.402366e+01 ; 8.101235e+02 ];
omc_error_17 = [ 1.542936e-02 ; 1.168592e-02 ; 1.777155e-02 ];
Tc_error_17  = [ 1.240996e+01 ; 1.410673e+01 ; 7.354064e+00 ];

%-- Image #18:
omc_18 = [ 1.807388e+00 ; 1.809659e+00 ; -1.430798e+00 ];
Tc_18  = [ -1.053280e+02 ; -1.342556e+02 ; 9.891267e+02 ];
omc_error_18 = [ 1.174019e-02 ; 1.909362e-02 ; 2.319864e-02 ];
Tc_error_18  = [ 1.526742e+01 ; 1.723977e+01 ; 7.778431e+00 ];

%-- Image #19:
omc_19 = [ 1.791664e+00 ; 1.754230e+00 ; -1.143952e+00 ];
Tc_19  = [ -1.304174e+02 ; -1.416654e+02 ; 9.637780e+02 ];
omc_error_19 = [ 1.190295e-02 ; 1.731118e-02 ; 2.300165e-02 ];
Tc_error_19  = [ 1.488616e+01 ; 1.685819e+01 ; 7.793775e+00 ];

%-- Image #20:
omc_20 = [ 1.745359e+00 ; 1.605351e+00 ; -9.624656e-01 ];
Tc_20  = [ -1.516303e+02 ; -1.356522e+02 ; 9.664645e+02 ];
omc_error_20 = [ 1.266722e-02 ; 1.587529e-02 ; 2.171947e-02 ];
Tc_error_20  = [ 1.490452e+01 ; 1.691483e+01 ; 8.060791e+00 ];

%-- Image #21:
omc_21 = [ 1.632668e+00 ; 1.507158e+00 ; -7.129961e-01 ];
Tc_21  = [ -1.592613e+02 ; -1.418185e+02 ; 9.573235e+02 ];
omc_error_21 = [ 1.308259e-02 ; 1.456560e-02 ; 2.041856e-02 ];
Tc_error_21  = [ 1.474565e+01 ; 1.674327e+01 ; 8.269443e+00 ];

%-- Image #22:
omc_22 = [ 1.579845e+00 ; 1.438362e+00 ; -3.419697e-01 ];
Tc_22  = [ -1.615050e+02 ; -1.643376e+02 ; 9.143348e+02 ];
omc_error_22 = [ 1.330109e-02 ; 1.348729e-02 ; 1.982165e-02 ];
Tc_error_22  = [ 1.409416e+01 ; 1.599167e+01 ; 8.282991e+00 ];

%-- Image #23:
omc_23 = [ 1.681355e+00 ; 1.433654e+00 ; -1.638526e-01 ];
Tc_23  = [ -1.528632e+02 ; -1.687287e+02 ; 8.798078e+02 ];
omc_error_23 = [ 1.344716e-02 ; 1.281833e-02 ; 2.061877e-02 ];
Tc_error_23  = [ 1.357506e+01 ; 1.537384e+01 ; 8.139463e+00 ];

%-- Image #24:
